CXX = gcc
CFLAGS = 

 01-01: 01-01.c
	$(CXX) $(CFLAGS) -o 01-01 01-01.c

